../data/CESM/AEROD_v_1_1800_3600.f32 1.000000e+35 1.000000e+34 1.000000e+33 1.000000e+32 1.000000e+31 1.000000e+30 1.000000e+29 1.000000e+28
../data/CESM/CLDHGH_1_1800_3600.f32 8.940105e-02 8.940105e-03 8.940105e-04 8.940105e-05 8.940105e-06 8.940105e-07 8.940105e-08 8.940105e-09
../data/CESM/CLDLOW_1_1800_3600.f32 9.898849e-02 9.898849e-03 9.898849e-04 9.898849e-05 9.898849e-06 9.898849e-07 9.898849e-08 9.898849e-09
../data/CESM/CLDMED_1_1800_3600.f32 7.414584e-02 7.414584e-03 7.414584e-04 7.414584e-05 7.414584e-06 7.414584e-07 7.414584e-08 7.414584e-09
../data/CESM/CLDTOT_1_1800_3600.f32 9.533722e-02 9.533722e-03 9.533722e-04 9.533722e-05 9.533722e-06 9.533722e-07 9.533722e-08 9.533722e-09
../data/CESM/FLDS_1_1800_3600.f32 3.311162e+01 3.311162e+00 3.311162e-01 3.311162e-02 3.311162e-03 3.311162e-04 3.311162e-05 3.311162e-06
../data/CESM/FLDSC_1_1800_3600.f32 3.314196e+01 3.314196e+00 3.314196e-01 3.314196e-02 3.314196e-03 3.314196e-04 3.314196e-05 3.314196e-06
../data/CESM/FLNS_1_1800_3600.f32 1.548184e+01 1.548184e+00 1.548184e-01 1.548184e-02 1.548184e-03 1.548184e-04 1.548184e-05 1.548184e-06
../data/CESM/FLNSC_1_1800_3600.f32 1.252517e+01 1.252517e+00 1.252517e-01 1.252517e-02 1.252517e-03 1.252517e-04 1.252517e-05 1.252517e-06
../data/CESM/FLNT_1_1800_3600.f32 1.766667e+01 1.766667e+00 1.766667e-01 1.766667e-02 1.766667e-03 1.766667e-04 1.766667e-05 1.766667e-06
../data/CESM/FLNTC_1_1800_3600.f32 1.749679e+01 1.749679e+00 1.749679e-01 1.749679e-02 1.749679e-03 1.749679e-04 1.749679e-05 1.749679e-06
../data/CESM/FLUT_1_1800_3600.f32 1.773511e+01 1.773511e+00 1.773511e-01 1.773511e-02 1.773511e-03 1.773511e-04 1.773511e-05 1.773511e-06
../data/CESM/FLUTC_1_1800_3600.f32 1.756473e+01 1.756473e+00 1.756473e-01 1.756473e-02 1.756473e-03 1.756473e-04 1.756473e-05 1.756473e-06
../data/CESM/FREQSH_1_1800_3600.f32 9.913982e-02 9.913982e-03 9.913982e-04 9.913982e-05 9.913982e-06 9.913982e-07 9.913982e-08 9.913982e-09
../data/CESM/FREQZM_1_1800_3600.f32 9.632574e-02 9.632574e-03 9.632574e-04 9.632574e-05 9.632574e-06 9.632574e-07 9.632574e-08 9.632574e-09
../data/CESM/FSDS_1_1800_3600.f32 4.126140e+01 4.126140e+00 4.126140e-01 4.126140e-02 4.126140e-03 4.126140e-04 4.126140e-05 4.126140e-06
../data/CESM/FSDSC_1_1800_3600.f32 4.320174e+01 4.320174e+00 4.320174e-01 4.320174e-02 4.320174e-03 4.320174e-04 4.320174e-05 4.320174e-06
../data/CESM/FSDTOA_1_1800_3600.f32 4.989795e+01 4.989795e+00 4.989795e-01 4.989795e-02 4.989795e-03 4.989795e-04 4.989795e-05 4.989795e-06
../data/CESM/FSNS_1_1800_3600.f32 3.609117e+01 3.609117e+00 3.609117e-01 3.609117e-02 3.609117e-03 3.609117e-04 3.609117e-05 3.609117e-06
../data/CESM/FSNSC_1_1800_3600.f32 3.664807e+01 3.664807e+00 3.664807e-01 3.664807e-02 3.664807e-03 3.664807e-04 3.664807e-05 3.664807e-06
../data/CESM/FSNT_1_1800_3600.f32 4.486171e+01 4.486171e+00 4.486171e-01 4.486171e-02 4.486171e-03 4.486171e-04 4.486171e-05 4.486171e-06
../data/CESM/FSNTC_1_1800_3600.f32 4.530997e+01 4.530997e+00 4.530997e-01 4.530997e-02 4.530997e-03 4.530997e-04 4.530997e-05 4.530997e-06
../data/CESM/FSNTOA_1_1800_3600.f32 4.527290e+01 4.527290e+00 4.527290e-01 4.527290e-02 4.527290e-03 4.527290e-04 4.527290e-05 4.527290e-06
../data/CESM/FSNTOAC_1_1800_3600.f32 4.572408e+01 4.572408e+00 4.572408e-01 4.572408e-02 4.572408e-03 4.572408e-04 4.572408e-05 4.572408e-06
../data/CESM/FSUTOA_1_1800_3600.f32 3.587222e+01 3.587222e+00 3.587222e-01 3.587222e-02 3.587222e-03 3.587222e-04 3.587222e-05 3.587222e-06
../data/CESM/ICEFRAC_1_1800_3600.f32 1.000000e-01 1.000000e-02 1.000000e-03 1.000000e-04 1.000000e-05 1.000000e-06 1.000000e-07 1.000000e-08
../data/CESM/LANDFRAC_1_1800_3600.f32 1.000000e-01 1.000000e-02 1.000000e-03 1.000000e-04 1.000000e-05 1.000000e-06 1.000000e-07 1.000000e-08
../data/CESM/LHFLX_1_1800_3600.f32 5.768725e+01 5.768725e+00 5.768725e-01 5.768725e-02 5.768725e-03 5.768725e-04 5.768725e-05 5.768725e-06
../data/CESM/LWCF_1_1800_3600.f32 1.076276e+01 1.076276e+00 1.076276e-01 1.076276e-02 1.076276e-03 1.076276e-04 1.076276e-05 1.076276e-06
../data/CESM/OCNFRAC_1_1800_3600.f32 1.000000e-01 1.000000e-02 1.000000e-03 1.000000e-04 1.000000e-05 1.000000e-06 1.000000e-07 1.000000e-08
../data/CESM/ODV_bcar1_1_1800_3600.f32 1.000000e+35 1.000000e+34 1.000000e+33 1.000000e+32 1.000000e+31 1.000000e+30 1.000000e+29 1.000000e+28
../data/CESM/ODV_bcar2_1_1800_3600.f32 1.000000e+35 1.000000e+34 1.000000e+33 1.000000e+32 1.000000e+31 1.000000e+30 1.000000e+29 1.000000e+28
../data/CESM/ODV_dust1_1_1800_3600.f32 1.000000e+35 1.000000e+34 1.000000e+33 1.000000e+32 1.000000e+31 1.000000e+30 1.000000e+29 1.000000e+28
../data/CESM/ODV_dust2_1_1800_3600.f32 1.000000e+35 1.000000e+34 1.000000e+33 1.000000e+32 1.000000e+31 1.000000e+30 1.000000e+29 1.000000e+28
../data/CESM/ODV_dust3_1_1800_3600.f32 1.000000e+35 1.000000e+34 1.000000e+33 1.000000e+32 1.000000e+31 1.000000e+30 1.000000e+29 1.000000e+28
../data/CESM/ODV_dust4_1_1800_3600.f32 1.000000e+35 1.000000e+34 1.000000e+33 1.000000e+32 1.000000e+31 1.000000e+30 1.000000e+29 1.000000e+28
../data/CESM/ODV_ocar1_1_1800_3600.f32 1.000000e+35 1.000000e+34 1.000000e+33 1.000000e+32 1.000000e+31 1.000000e+30 1.000000e+29 1.000000e+28
../data/CESM/ODV_ocar2_1_1800_3600.f32 1.000000e+35 1.000000e+34 1.000000e+33 1.000000e+32 1.000000e+31 1.000000e+30 1.000000e+29 1.000000e+28
../data/CESM/ODV_SSLTA_1_1800_3600.f32 1.000000e+35 1.000000e+34 1.000000e+33 1.000000e+32 1.000000e+31 1.000000e+30 1.000000e+29 1.000000e+28
../data/CESM/ODV_SSLTC_1_1800_3600.f32 1.000000e+35 1.000000e+34 1.000000e+33 1.000000e+32 1.000000e+31 1.000000e+30 1.000000e+29 1.000000e+28
../data/CESM/ODV_sulf_1_1800_3600.f32 1.000000e+35 1.000000e+34 1.000000e+33 1.000000e+32 1.000000e+31 1.000000e+30 1.000000e+29 1.000000e+28
../data/CESM/PBLH_1_1800_3600.f32 1.250747e+02 1.250747e+01 1.250747e+00 1.250747e-01 1.250747e-02 1.250747e-03 1.250747e-04 1.250747e-05
../data/CESM/PCONVB_1_1800_3600.f32 5.204382e+03 5.204382e+02 5.204382e+01 5.204382e+00 5.204382e-01 5.204382e-02 5.204382e-03 5.204382e-04
../data/CESM/PCONVT_1_1800_3600.f32 6.621917e+03 6.621917e+02 6.621917e+01 6.621917e+00 6.621917e-01 6.621917e-02 6.621917e-03 6.621917e-04
../data/CESM/PHIS_1_1800_3600.f32 5.463188e+03 5.463188e+02 5.463188e+01 5.463188e+00 5.463188e-01 5.463188e-02 5.463188e-03 5.463188e-04
../data/CESM/PRECC_1_1800_3600.f32 2.905908e-08 2.905908e-09 2.905908e-10 2.905908e-11 2.905908e-12 2.905908e-13 2.905908e-14 2.905908e-15
../data/CESM/PRECCDZM_1_1800_3600.f32 2.053706e-08 2.053706e-09 2.053706e-10 2.053706e-11 2.053706e-12 2.053706e-13 2.053706e-14 2.053706e-15
../data/CESM/PRECL_1_1800_3600.f32 2.430657e-08 2.430657e-09 2.430657e-10 2.430657e-11 2.430657e-12 2.430657e-13 2.430657e-14 2.430657e-15
../data/CESM/PRECSC_1_1800_3600.f32 2.537360e-09 2.537360e-10 2.537360e-11 2.537360e-12 2.537360e-13 2.537360e-14 2.537360e-15 2.537360e-16
../data/CESM/PRECSH_1_1800_3600.f32 1.465932e-08 1.465932e-09 1.465932e-10 1.465932e-11 1.465932e-12 1.465932e-13 1.465932e-14 1.465932e-15
../data/CESM/PRECSL_1_1800_3600.f32 9.767892e-09 9.767892e-10 9.767892e-11 9.767892e-12 9.767892e-13 9.767892e-14 9.767892e-15 9.767892e-16
../data/CESM/PRECT_1_1800_3600.f32 5.027384e-08 5.027384e-09 5.027384e-10 5.027384e-11 5.027384e-12 5.027384e-13 5.027384e-14 5.027384e-15
../data/CESM/PS_1_1800_3600.f32 5.216809e+03 5.216809e+02 5.216809e+01 5.216809e+00 5.216809e-01 5.216809e-02 5.216809e-03 5.216809e-04
../data/CESM/PSL_1_1800_3600.f32 6.424344e+02 6.424344e+01 6.424344e+00 6.424344e-01 6.424344e-02 6.424344e-03 6.424344e-04 6.424344e-05
../data/CESM/QFLX_1_1800_3600.f32 2.305378e-05 2.305378e-06 2.305378e-07 2.305378e-08 2.305378e-09 2.305378e-10 2.305378e-11 2.305378e-12
../data/CESM/QREFHT_1_1800_3600.f32 2.051463e-03 2.051463e-04 2.051463e-05 2.051463e-06 2.051463e-07 2.051463e-08 2.051463e-09 2.051463e-10
../data/CESM/RHREFHT_1_1800_3600.f32 1.029392e+01 1.029392e+00 1.029392e-01 1.029392e-02 1.029392e-03 1.029392e-04 1.029392e-05 1.029392e-06
../data/CESM/SFCLDICE_1_1800_3600.f32 0.000000e+00 0.000000e+00 0.000000e+00 0.000000e+00 0.000000e+00 0.000000e+00 0.000000e+00 0.000000e+00
../data/CESM/SFCLDLIQ_1_1800_3600.f32 0.000000e+00 0.000000e+00 0.000000e+00 0.000000e+00 0.000000e+00 0.000000e+00 0.000000e+00 0.000000e+00
../data/CESM/SHFLX_1_1800_3600.f32 5.135229e+01 5.135229e+00 5.135229e-01 5.135229e-02 5.135229e-03 5.135229e-04 5.135229e-05 5.135229e-06
../data/CESM/SNOWHICE_1_1800_3600.f32 6.605075e-02 6.605075e-03 6.605075e-04 6.605075e-05 6.605075e-06 6.605075e-07 6.605075e-08 6.605075e-09
../data/CESM/SNOWHLND_1_1800_3600.f32 1.000152e-01 1.000152e-02 1.000152e-03 1.000152e-04 1.000152e-05 1.000152e-06 1.000152e-07 1.000152e-08
../data/CESM/SOLIN_1_1800_3600.f32 4.989795e+01 4.989795e+00 4.989795e-01 4.989795e-02 4.989795e-03 4.989795e-04 4.989795e-05 4.989795e-06
../data/CESM/SRFRAD_1_1800_3600.f32 6.076077e+01 6.076077e+00 6.076077e-01 6.076077e-02 6.076077e-03 6.076077e-04 6.076077e-05 6.076077e-06
../data/CESM/SWCF_1_1800_3600.f32 1.991322e+01 1.991322e+00 1.991322e-01 1.991322e-02 1.991322e-03 1.991322e-04 1.991322e-05 1.991322e-06
../data/CESM/TAUX_1_1800_3600.f32 2.015673e-01 2.015673e-02 2.015673e-03 2.015673e-04 2.015673e-05 2.015673e-06 2.015673e-07 2.015673e-08
../data/CESM/TAUY_1_1800_3600.f32 2.024222e-01 2.024222e-02 2.024222e-03 2.024222e-04 2.024222e-05 2.024222e-06 2.024222e-07 2.024222e-08
../data/CESM/TGCLDIWP_1_1800_3600.f32 9.978716e+00 9.978716e-01 9.978716e-02 9.978716e-03 9.978716e-04 9.978716e-05 9.978716e-06 9.978716e-07
../data/CESM/TGCLDLWP_1_1800_3600.f32 6.502941e+01 6.502941e+00 6.502941e-01 6.502941e-02 6.502941e-03 6.502941e-04 6.502941e-05 6.502941e-06
../data/CESM/TMQ_1_1800_3600.f32 5.954192e+00 5.954192e-01 5.954192e-02 5.954192e-03 5.954192e-04 5.954192e-05 5.954192e-06 5.954192e-07
../data/CESM/TREFHT_1_1800_3600.f32 7.477013e+00 7.477013e-01 7.477013e-02 7.477013e-03 7.477013e-04 7.477013e-05 7.477013e-06 7.477013e-07
../data/CESM/TREFMNAV_1_1800_3600.f32 7.409990e+00 7.409990e-01 7.409990e-02 7.409990e-03 7.409990e-04 7.409990e-05 7.409990e-06 7.409990e-07
../data/CESM/TREFMXAV_1_1800_3600.f32 7.908479e+00 7.908479e-01 7.908479e-02 7.908479e-03 7.908479e-04 7.908479e-05 7.908479e-06 7.908479e-07
../data/CESM/TROP_P_1_1800_3600.f32 2.052421e+03 2.052421e+02 2.052421e+01 2.052421e+00 2.052421e-01 2.052421e-02 2.052421e-03 2.052421e-04
../data/CESM/TROP_T_1_1800_3600.f32 3.314867e+00 3.314867e-01 3.314867e-02 3.314867e-03 3.314867e-04 3.314867e-05 3.314867e-06 3.314867e-07
../data/CESM/TROP_Z_1_1800_3600.f32 1.269335e+03 1.269335e+02 1.269335e+01 1.269335e+00 1.269335e-01 1.269335e-02 1.269335e-03 1.269335e-04
../data/CESM/TS_1_1800_3600.f32 8.147687e+00 8.147687e-01 8.147687e-02 8.147687e-03 8.147687e-04 8.147687e-05 8.147687e-06 8.147687e-07
../data/CESM/TSMN_1_1800_3600.f32 9.476686e+00 9.476686e-01 9.476686e-02 9.476686e-03 9.476686e-04 9.476686e-05 9.476686e-06 9.476686e-07
../data/CESM/TSMX_1_1800_3600.f32 9.287424e+00 9.287424e-01 9.287424e-02 9.287424e-03 9.287424e-04 9.287424e-05 9.287424e-06 9.287424e-07
