../data/Hurricane/CLOUDf48.bin.f32 2.047953e-04 2.047953e-05 2.047953e-06 2.047953e-07 2.047953e-08 2.047953e-09 2.047953e-10 2.047953e-11
../data/Hurricane/CLOUDf48.log10.bin.f32 1.015203e+00 1.015203e-01 1.015203e-02 1.015203e-03 1.015203e-04 1.015203e-05 1.015203e-06 1.015203e-07
../data/Hurricane/Pf48.bin.f32 6.636139e+02 6.636139e+01 6.636139e+00 6.636139e-01 6.636139e-02 6.636139e-03 6.636139e-04 6.636139e-05
../data/Hurricane/PRECIPf48.bin.f32 7.505861e-04 7.505861e-05 7.505861e-06 7.505861e-07 7.505861e-08 7.505861e-09 7.505861e-10 7.505861e-11
../data/Hurricane/PRECIPf48.log10.bin.f32 3.580139e+00 3.580139e-01 3.580139e-02 3.580139e-03 3.580139e-04 3.580139e-05 3.580139e-06 3.580139e-07
../data/Hurricane/QCLOUDf48.bin.f32 2.047953e-04 2.047953e-05 2.047953e-06 2.047953e-07 2.047953e-08 2.047953e-09 2.047953e-10 2.047953e-11
../data/Hurricane/QCLOUDf48.log10.bin.f32 3.510567e+00 3.510567e-01 3.510567e-02 3.510567e-03 3.510567e-04 3.510567e-05 3.510567e-06 3.510567e-07
../data/Hurricane/QGRAUPf48.bin.f32 7.295187e-04 7.295187e-05 7.295187e-06 7.295187e-07 7.295187e-08 7.295187e-09 7.295187e-10 7.295187e-11
../data/Hurricane/QGRAUPf48.log10.bin.f32 3.576564e+00 3.576564e-01 3.576564e-02 3.576564e-03 3.576564e-04 3.576564e-05 3.576564e-06 3.576564e-07
../data/Hurricane/QICEf48.bin.f32 8.463638e-05 8.463638e-06 8.463638e-07 8.463638e-08 8.463638e-09 8.463638e-10 8.463638e-11 8.463638e-12
../data/Hurricane/QICEf48.log10.bin.f32 1.868306e+00 1.868306e-01 1.868306e-02 1.868306e-03 1.868306e-04 1.868306e-05 1.868306e-06 1.868306e-07
../data/Hurricane/QRAINf48.bin.f32 6.334646e-04 6.334646e-05 6.334646e-06 6.334646e-07 6.334646e-08 6.334646e-09 6.334646e-10 6.334646e-11
../data/Hurricane/QRAINf48.log10.bin.f32 3.573139e+00 3.573139e-01 3.573139e-02 3.573139e-03 3.573139e-04 3.573139e-05 3.573139e-06 3.573139e-07
../data/Hurricane/QSNOWf48.bin.f32 8.560261e-05 8.560261e-06 8.560261e-07 8.560261e-08 8.560261e-09 8.560261e-10 8.560261e-11 8.560261e-12
../data/Hurricane/QSNOWf48.log10.bin.f32 3.477967e+00 3.477967e-01 3.477967e-02 3.477967e-03 3.477967e-04 3.477967e-05 3.477967e-06 3.477967e-07
../data/Hurricane/QVAPORf48.bin.f32 2.042072e-03 2.042072e-04 2.042072e-05 2.042072e-06 2.042072e-07 2.042072e-08 2.042072e-09 2.042072e-10
../data/Hurricane/TCf48.bin.f32 1.062011e+01 1.062011e+00 1.062011e-01 1.062011e-02 1.062011e-03 1.062011e-04 1.062011e-05 1.062011e-06
../data/Hurricane/Uf48.bin.f32 9.258076e+00 9.258076e-01 9.258076e-02 9.258076e-03 9.258076e-04 9.258076e-05 9.258076e-06 9.258076e-07
../data/Hurricane/Vf48.bin.f32 9.370042e+00 9.370042e-01 9.370042e-02 9.370042e-03 9.370042e-04 9.370042e-05 9.370042e-06 9.370042e-07
../data/Hurricane/Wf48.bin.f32 1.657436e+00 1.657436e-01 1.657436e-02 1.657436e-03 1.657436e-04 1.657436e-05 1.657436e-06 1.657436e-07
