../data/SCALE/PRES-98x1200x1200.f32 9.953476e+03 9.953476e+02 9.953476e+01 9.953476e+00 9.953476e-01 9.953476e-02 9.953476e-03 9.953476e-04
../data/SCALE/QC-98x1200x1200.f32 3.011531e-04 3.011531e-05 3.011531e-06 3.011531e-07 3.011531e-08 3.011531e-09 3.011531e-10 3.011531e-11
../data/SCALE/QG-98x1200x1200.f32 1.488131e-03 1.488131e-04 1.488131e-05 1.488131e-06 1.488131e-07 1.488131e-08 1.488131e-09 1.488131e-10
../data/SCALE/QI-98x1200x1200.f32 1.600500e-04 1.600500e-05 1.600500e-06 1.600500e-07 1.600500e-08 1.600500e-09 1.600500e-10 1.600500e-11
../data/SCALE/QR-98x1200x1200.f32 6.372067e-04 6.372067e-05 6.372067e-06 6.372067e-07 6.372067e-08 6.372067e-09 6.372067e-10 6.372067e-11
../data/SCALE/QS-98x1200x1200.f32 7.569692e-05 7.569692e-06 7.569692e-07 7.569692e-08 7.569692e-09 7.569692e-10 7.569692e-11 7.569692e-12
../data/SCALE/QV-98x1200x1200.f32 1.952336e-03 1.952336e-04 1.952336e-05 1.952336e-06 1.952336e-07 1.952336e-08 1.952336e-09 1.952336e-10
../data/SCALE/RH-98x1200x1200.f32 2.044729e+01 2.044729e+00 2.044729e-01 2.044729e-02 2.044729e-03 2.044729e-04 2.044729e-05 2.044729e-06
../data/SCALE/T-98x1200x1200.f32 1.327148e+01 1.327148e+00 1.327148e-01 1.327148e-02 1.327148e-03 1.327148e-04 1.327148e-05 1.327148e-06
../data/SCALE/U-98x1200x1200.f32 1.184310e+01 1.184310e+00 1.184310e-01 1.184310e-02 1.184310e-03 1.184310e-04 1.184310e-05 1.184310e-06
../data/SCALE/V-98x1200x1200.f32 9.957608e+00 9.957608e-01 9.957608e-02 9.957608e-03 9.957608e-04 9.957608e-05 9.957608e-06 9.957608e-07
../data/SCALE/W-98x1200x1200.f32 6.389258e+00 6.389258e-01 6.389258e-02 6.389258e-03 6.389258e-04 6.389258e-05 6.389258e-06 6.389258e-07
